
44
52
63
79
80
81
81
82
81
84
82
85
81
81
83
84
81
62
63
65
67
68
71
71
73
70
71
71
72
74
75
75
74
93
63
65
70
69
67
63
63
63
64
64
65
66
67
68
72
71
72
70
67
66
66
67
68
70
68
69
68
71
73
72
71
68
71
70
69
67
66
67
66
67
66
66
71
73
72
73
73
75
75
72
71
74
72
71
67
65
66
67
67
67
68
69
68
68
67
69
70
70
71
71
72
71
74
78
84
86
86
84
285
287
295
299
304
305
310
366
484
580
581
502
396
316
281
279
297
329
354
362
351
329
311
296
292
290
293
298
300
305
308
307
308
335
429
549
588
547
443
347
289
273
284
316
347
364
362
343
322
304
295
290
290
298
303
306
306
310
310
313
311
314
367
485
584
586
516
403
320
279
275
296
330
360
369
359
338
318
303
293
293
297
302
306
311
313
316
317
315
323
391
505
578
559
468
369
303
275
278
306
340
364
369
355
333
314
302
297
297
299
303
309
312
317
317
317
319
371
477
558
554
475
375
304
273
273
298
334
361
370
357
336
316
304
299
297
302
304
308
313
319
322
320
345
434
531
563
512
418
338
291
277
291
322
354
371
363
344
326
313
306
301
299
303
310
315
323
324
358
449
535
550
484
390
317
283
278
299
333
363
373
361
337
315
303
300
300
306
77
blink
75
blink
74
blink
72
blink
71
blink
70
blink
69
blink
69
103
blink
123
blink
147
blink
132
blink
105
blink
89
89
blink
101
blink
113
blink
115
blink
138
blink
120
blink
109
blink
102
blink
114
blink
115
blink
96
blink
88
blink
85
89
90
90
89
88
88
84
86
86
87
85
84
86
85
81
84
84
81
81
84
85
83
80
80
81
80
79
80
82
95
93
94
92
92
90
92
92
96
88
88
88
92
94
89
91
91
92
93
95
96
94
90
89
88
87
87
86
85
85
84
84
85
85
84
86
84
82
81
80
79
77
78
79
80
79
79
80
81
81
82
86
91
79
89
91
89
88
86
28
32
38
46
57
74
70
78
54
60
60
103
84
82
81
80
80
79
79
78
79
80
81
81
82
82
83
82
81
80
80
79
80
80
80
79
78
79
80
82
82
82
81
82
82
83
85
86
86
84
84
85
86
86
86
85
85
84
86
90
92
91
87
84
82
81
81
84
85
83
82
81
80
79
80
80
80
80
80
80
81
83
85
86
87
87
86
86
87
88
88
89
89
88
86
85
84
82
82
83
84
85
84
84
82
83
85
86
87
88
86
85
86
87
86
85
84
81
82
82
81
81
88
89
87
85
82
80
79
80
80
80
81
81
79
80
80
78
77
79
82
83
84
50
45
43
41
42
44
53
63
75
84
98
94
91
86
80
77
76
78
81
83
83
81
80
80
80
80
80
80
81
81
81
81
84
87
90
90
90
91
92
98
104
102
101
99
104
100
115
107
101
87
83
76
79
83
86
88
89
85
84
84
86
97
104
88
83
89
99
106
109
110
105
110
109
109
123
128
126
125
142
97
110
130
156
191
160
132
110
94
87
91
93
102
98
99
78
174
151
131
115
119
113
111
111
111
103
95
103
117
121
146
180
182
151
155
127
110
94
86
77
76
82
92
102
98
92
85
78
74
78
90
96
97
96
83
82
80
83
84
84
83
84
85
84
82
78
74
70
71
72
76
