
308
305
305
308
312
317
318
318
336
392
468
498
468
405
346
314
301
306
325
343
354
354
344
330
319
314
310
313
314
315
318
322
323
324
340
403
492
543
516
445
374
330
310
307
321
344
360
362
353
339
324
315
308
308
312
315
318
320
322
322
321
321
323
353
440
544
575
521
430
358
314
302
305
325
347
359
359
346
331
319
309
304
305
308
311
317
321
321
320
318
313
312
317
353
450
546
567
502
408
330
290
282
296
324
349
363
358
345
327
311
304
301
302
307
310
315
318
318
317
320
327
381
479
544
529
450
362
304
278
277
295
325
349
356
348
333
75
74
71
70
70
74
78
76
78
75
77
75
73
71
70
69
68
70
70
74
73
74
72
72
72
70
69
69
70
73
74
74
75
76
78
78
77
75
77
77
77
76
77
81
81
78
74
74
75
75
77
77
77
73
69
68
67
66
67
70
69
69
68
68
68
68
68
69
68
67
66
67
67
66
66
66
67
69
69
67
67
68
70
71
72
72
71
71
70
70
70
69
69
69
69
68
68
68
70
70
74
82
102
136
103
102
93
71
blink
68
blink
66
blink
65
blink
66
blink
66
blink
66
blink
67
blink
68
blink
69
blink
73
blink
77
blink
76
blink
74
blink
71
blink
71
blink
70
blink
70
blink
71
blink
73
blink
71
blink
71
blink
72
blink
73
blink
72
blink
71
blink
72
blink
75
blink
blink
blink
blink
blink
blink
blink
blink
blink
blink
blink
blink
blink
blink
blink
blink
blink
blink
blink
blink
blink
blink
blink
blink
blink
blink
blink
blink
blink
blink
83
85
85
88
90
92
79
87
84
82
83
83
83
50
87
86
89
89
85
85
89
90
88
90
92
94
97
100
101
96
89
89
92
79
76
78
92
92
90
92
99
97
90
88
29
76
75
76
75
78
83
88
92
59
77
110
197
237
237
237
212
133
125
133
162
206
206
206
238
236
236
236
236
237
237
238
83
83
83
86
87
87
84
83
84
85
119
109
113
109
106
95
102
100
100
111
91
82
74
76
79
78
93
128
188
205
206
208
87
82
89
102
104
99
85
84
89
94
109
108
85
88
89
94
100
93
86
82
82
83
84
87
85
81
79
82
102
59
75
51
62
81
132
175
206
209
90
89
87
82
80
78
80
85
85
85
91
91
94
94
93
88
81
79
79
78
